> head(ridge$coef)
            0        1          2           3          4          5          6          7          8         9
V1  1213.6463 4.388797  2.0890717  0.91984494  0.2338153 -0.2047418 -0.5009891 -0.7086844 -0.8580545 -0.967331
V2  -677.8061 3.459832  1.4426246  0.42615420 -0.1647807 -0.5384763 -0.7876510 -0.9596222 -1.0809523 -1.167635
V3 -2925.9751 2.571301  0.8265340 -0.04302835 -0.5426459 -0.8541328 -1.0582116 -1.1959965 -1.2905224 -1.355629
V4  6917.8400 1.716384  0.2364332 -0.49085787 -0.9022104 -1.1536605 -1.3142788 -1.4191614 -1.4879239 -1.532319
V5 -7602.7979 0.902207 -0.3231060 -0.91377332 -1.2404757 -1.4344271 -1.5534824 -1.6269461 -1.6711438 -1.695822
V6  3973.0482 0.134672 -0.8475014 -1.30793601 -1.5540827 -1.6934143 -1.7730613 -1.8167930 -1.8377913 -1.843886
          10        11        12        13        14        15        16        17        18        19
V1 -1.048118 -1.108122 -1.152640 -1.185415 -1.209161 -1.225878 -1.237072 -1.243891 -1.247220 -1.247754
V2 -1.229828 -1.274265 -1.305562 -1.326971 -1.340842 -1.348903 -1.352449 -1.352463 -1.349700 -1.344749
V3 -1.400086 -1.429689 -1.448399 -1.458998 -1.463487 -1.463333 -1.459626 -1.453193 -1.444664 -1.434526
V4 -1.559772 -1.575171 -1.581844 -1.582117 -1.577656 -1.569672 -1.559062 -1.546499 -1.532494 -1.517436
V5 -1.707111 -1.709029 -1.704296 -1.694800 -1.681882 -1.666513 -1.649401 -1.631074 -1.611925 -1.592253
V6 -1.839972 -1.829237 -1.813820 -1.795192 -1.774387 -1.752142 -1.728990 -1.705319 -1.681412 -1.657479
          20        21        22        23        24        25        26        27        28        29
V1 -1.246037 -1.242507 -1.237512 -1.231333 -1.224202 -1.216304 -1.207794 -1.198798 -1.189422 -1.179753
V2 -1.338071 -1.330031 -1.320920 -1.310971 -1.300374 -1.289280 -1.277814 -1.266078 -1.254153 -1.242109
V3 -1.423159 -1.410862 -1.397868 -1.384367 -1.370506 -1.356405 -1.342160 -1.327848 -1.313532 -1.299260
V4 -1.501626 -1.485298 -1.468633 -1.451775 -1.434834 -1.417898 -1.401035 -1.384301 -1.367735 -1.351370
V5 -1.572283 -1.552186 -1.532093 -1.512104 -1.492295 -1.472723 -1.453429 -1.434447 -1.415798 -1.397497
V6 -1.633675 -1.610112 -1.586873 -1.564016 -1.541584 -1.519606 -1.498098 -1.477072 -1.456533 -1.436479
          30        31        32        33        34        35        36        37        38        39
V1 -1.169863 -1.159812 -1.149652 -1.139423 -1.129163 -1.118900 -1.108658 -1.098459 -1.088319 -1.078253
V2 -1.230001 -1.217874 -1.205767 -1.193710 -1.181729 -1.169843 -1.158070 -1.146423 -1.134912 -1.123547
V3 -1.285072 -1.271001 -1.257072 -1.243304 -1.229714 -1.216313 -1.203110 -1.190112 -1.177323 -1.164747
V4 -1.335232 -1.319338 -1.303701 -1.288333 -1.273238 -1.258421 -1.243884 -1.229626 -1.215646 -1.201942
V5 -1.379556 -1.361979 -1.344770 -1.327928 -1.311450 -1.295333 -1.279571 -1.264159 -1.249089 -1.234355
V6 -1.416908 -1.397813 -1.379186 -1.361018 -1.343299 -1.326017 -1.309160 -1.292717 -1.276676 -1.261024
          40        41        42        43        44        45        46        47         48         49
V1 -1.068273 -1.058388 -1.048606 -1.038934 -1.029377 -1.019938 -1.010620 -1.001427 -0.9923594 -0.9834181
V2 -1.112333 -1.101276 -1.090379 -1.079644 -1.069074 -1.058668 -1.048427 -1.038351 -1.0284382 -1.0186875
V3 -1.152385 -1.140237 -1.128302 -1.116581 -1.105069 -1.093766 -1.082669 -1.071774 -1.0610778 -1.0505773
V4 -1.188511 -1.175349 -1.162451 -1.149813 -1.137429 -1.125294 -1.113403 -1.101750 -1.0903294 -1.0791360
V5 -1.219948 -1.205860 -1.192084 -1.178612 -1.165434 -1.152544 -1.139933 -1.127594 -1.1155174 -1.1036974
V6 -1.245750 -1.230842 -1.216289 -1.202079 -1.188202 -1.174646 -1.161402 -1.148459 -1.1358085 -1.1234399
           50         51         52         53         54         55         56         57         58
V1 -0.9746038 -0.9659167 -0.9573563 -0.9489221 -0.9406132 -0.9324287 -0.9243672 -0.9164273 -0.9086076
V2 -1.0090973 -0.9996656 -0.9903905 -0.9812696 -0.9723004 -0.9634806 -0.9548075 -0.9462784 -0.9378906
V3 -1.0402688 -1.0301484 -1.0202123 -1.0104567 -1.0008777 -0.9914713 -0.9822337 -0.9731612 -0.9642498
V4 -1.0681639 -1.0574078 -1.0468621 -1.0365214 -1.0263805 -1.0164341 -1.0066773 -0.9971051 -0.9877126
V5 -1.0921260 -1.0807961 -1.0697008 -1.0588332 -1.0481867 -1.0377551 -1.0275320 -1.0175115 -1.0076877
V6 -1.1113448 -1.0995143 -1.0879401 -1.0766142 -1.0655287 -1.0546761 -1.0440493 -1.0336413 -1.0234453
           59         60         61         62         63         64         65         66         67
V1 -0.9009064 -0.8933221 -0.8858527 -0.8784967 -0.8712520 -0.8641168 -0.8570893 -0.8501675 -0.8433495
V2 -0.9296416 -0.9215285 -0.9135486 -0.9056992 -0.8979776 -0.8903813 -0.8829075 -0.8755536 -0.8683171
V3 -0.9554959 -0.9468958 -0.9384459 -0.9301426 -0.9219825 -0.9139622 -0.9060783 -0.8983276 -0.8907070
V4 -0.9784952 -0.9694482 -0.9605672 -0.9518479 -0.9432861 -0.9348776 -0.9266186 -0.9185051 -0.9105334
V5 -0.9980552 -0.9886085 -0.9793422 -0.9702514 -0.9613312 -0.9525768 -0.9439836 -0.9355473 -0.9272635
V6 -1.0134550 -1.0036642 -0.9940669 -0.9846573 -0.9754300 -0.9663796 -0.9575009 -0.9487892 -0.9402395
           68         69         70         71         72         73         74         75         76
V1 -0.8366334 -0.8300173 -0.8234994 -0.8170778 -0.8107506 -0.8045160 -0.7983723 -0.7923176 -0.7863502
V2 -0.8611956 -0.8541864 -0.8472873 -0.8404958 -0.8338095 -0.8272264 -0.8207440 -0.8143602 -0.8080729
V3 -0.8832133 -0.8758436 -0.8685950 -0.8614645 -0.8544494 -0.8475469 -0.8407546 -0.8340697 -0.8274898
V4 -0.9026999 -0.8950011 -0.8874335 -0.8799939 -0.8726791 -0.8654859 -0.8584114 -0.8514525 -0.8446066
V5 -0.9191281 -0.9111372 -0.9032869 -0.8955735 -0.8879933 -0.8805430 -0.8732191 -0.8660183 -0.8589376
V6 -0.9318474 -0.9236084 -0.9155182 -0.9075728 -0.8997682 -0.8921006 -0.8845663 -0.8771618 -0.8698836
           77         78         79         80         81         82         83         84         85
V1 -0.7804685 -0.7746707 -0.7689551 -0.7633202 -0.7577644 -0.7522861 -0.7468838 -0.7415559 -0.7363012
V2 -0.8018801 -0.7957796 -0.7897695 -0.7838479 -0.7780129 -0.7722627 -0.7665953 -0.7610092 -0.7555026
V3 -0.8210125 -0.8146355 -0.8083564 -0.8021730 -0.7960831 -0.7900847 -0.7841757 -0.7783541 -0.7726180
V4 -0.8378708 -0.8312425 -0.8247191 -0.8182981 -0.8119771 -0.8057537 -0.7996257 -0.7935908 -0.7876469
V5 -0.8519740 -0.8451243 -0.8383859 -0.8317560 -0.8252318 -0.8188109 -0.8124907 -0.8062688 -0.8001428
V6 -0.8627284 -0.8556931 -0.8487745 -0.8419697 -0.8352758 -0.8286900 -0.8222096 -0.8158320 -0.8095547
           86         87         88         89         90         91         92         93         94
V1 -0.7311180 -0.7260050 -0.7209608 -0.7159842 -0.7110738 -0.7062282 -0.7014463 -0.6967269 -0.6920687
V2 -0.7500739 -0.7447213 -0.7394434 -0.7342386 -0.7291053 -0.7240422 -0.7190478 -0.7141207 -0.7092596
V3 -0.7669655 -0.7613947 -0.7559039 -0.7504914 -0.7451555 -0.7398945 -0.7347069 -0.7295910 -0.7245455
V4 -0.7817919 -0.7760238 -0.7703406 -0.7647404 -0.7592214 -0.7537817 -0.7484197 -0.7431336 -0.7379218
V5 -0.7941106 -0.7881698 -0.7823184 -0.7765543 -0.7708755 -0.7652800 -0.7597660 -0.7543316 -0.7489751
V6 -0.8033753 -0.7972913 -0.7913006 -0.7854009 -0.7795900 -0.7738660 -0.7682267 -0.7626703 -0.7571949
           95         96         97         98         99        100
V1 -0.6874706 -0.6829314 -0.6784500 -0.6740254 -0.6696564 -0.6653421
V2 -0.7044631 -0.6997299 -0.6950589 -0.6904486 -0.6858981 -0.6814061
V3 -0.7195688 -0.7146595 -0.7098162 -0.7050376 -0.7003223 -0.6956691
V4 -0.7327827 -0.7277147 -0.7227164 -0.7177862 -0.7129227 -0.7081246
V5 -0.7436948 -0.7384889 -0.7333559 -0.7282941 -0.7233021 -0.7183784
V6 -0.7517985 -0.7464796 -0.7412362 -0.7360668 -0.7309698 -0.7259435